19,
19,
19,
19,
19,
15,18,19,45,46,47,48,49,50,51,52,53,54,55,56,57,58,59,60,61,62,63,64,170,171,172,173,174,175,176,177,178,179,180,181,182,183,184,185,186,187,188,189,190,191,192,193,194,295,296,297,298,299,300,301,302,303,304,305,306,307,308,309,310,311,312,313,314,420,421,422,423,424,425,426,427,428,429,430,431,432,433,434,435,436,437,438,439,440,441,442,443,444,
19,
8,9,19,36,533,564,566,
14,19,563,
1,3,4,5,6,7,8,9,10,12,13,19,21,265,266,267,268,269,270,271,272,273,274,515,516,517,518,519,520,521,522,523,524,525,527,530,531,532,533,539,540,541,544,545,546,548,554,555,556,560,561,562,564,565,566,
15,18,19,45,46,47,48,49,50,51,52,53,54,55,56,57,58,59,60,61,62,63,64,170,171,172,173,174,175,176,177,178,179,180,181,182,183,184,185,186,187,188,189,190,191,192,193,194,295,296,297,298,299,300,301,302,303,304,305,306,307,308,309,310,311,312,313,314,420,421,422,423,424,425,426,427,428,429,430,431,432,433,434,435,436,437,438,439,440,441,442,443,444,
1,3,5,16,19,22,23,24,29,34,43,44,49,54,59,64,69,74,79,84,89,94,99,104,109,114,119,124,129,134,139,144,149,154,159,164,169,174,179,184,189,194,199,204,209,214,219,224,229,234,239,244,249,254,259,264,269,274,279,284,289,294,299,304,309,314,315,319,324,329,334,339,344,349,354,359,364,369,374,379,384,389,394,399,404,409,414,419,424,429,434,439,444,449,454,459,464,469,474,479,484,489,494,499,504,509,514,519,524,525,526,528,532,533,545,547,554,555,556,559,560,562,564,565,
19,
15,18,19,45,46,47,48,49,50,51,52,53,54,55,56,57,58,59,60,61,62,63,64,170,171,172,173,174,175,176,177,178,179,180,181,182,183,184,185,186,187,188,189,190,191,192,193,194,295,296,297,298,299,300,301,302,303,304,305,306,307,308,309,310,311,312,313,314,420,421,422,423,424,425,426,427,428,429,430,431,432,433,434,435,436,437,438,439,440,441,442,443,444,
1,19,554,555,556,
19,
1,19,554,555,556,
